[UbicacionesData]
Ubicacion = Comisaria LS
ExteriorX = 1539.201049
ExteriorY = -1676.106445
ExteriorZ = 13.546875
