[UbicacionesData]
Ubicacion = 24-7 Vinewood
ExteriorX = 1317.018188
ExteriorY = -918.064941
ExteriorZ = 38.456462
