[UbicacionesData]
Ubicacion = Grotti's
ExteriorX = 557.589355
ExteriorY = -1251.969238
ExteriorZ = 17.677190
