[UbicacionesData]
Ubicacion = Schutz Bikes
ExteriorX = 2127.838134
ExteriorY = -1110.565063
ExteriorZ = 25.177997
