[UbicacionesData]
Ubicacion = F.B.I.
ExteriorX = 329.061004
ExteriorY = -1517.699951
ExteriorZ = 35.867187
