[UbicacionesData]
Ubicacion = Fábrica FAMAE
ExteriorX = 2424.027587
ExteriorY = -2088.695800
ExteriorZ = 13.546875
