[UbicacionesData]
Ubicacion = Hospital
ExteriorX = 1997.962524
ExteriorY = -1450.010253
ExteriorZ = 13.486440
