[ActorData]
Nombre = Ninguno
Skin = -1
VirtualWorld = 0
Invulnerable = 0
Animacion = 0
PosX = 0.000000
PosY = 0.000000
PosZ = 0.000000
PosR = 0.000000
