[GarageData]
Tipo = 3
Nombre = Vinewood - Casa 273
Dueño = Pablo_Prieto
ExteriorX = 726.414184
ExteriorY = -995.175170
ExteriorZ = 52.453586
ExteriorAngulo = 191.424591
InteriorX = 2485.732910
InteriorY = -2558.391845
InteriorZ = 2500.810546
InteriorAngulo = 191.424591
Interior = 0
Precio = 40000
Nivel = 2
Locked = 0
