[GarageData]
Tipo = 3
Nombre = 
Dueño = Roberto_Rojas
ExteriorX = 687.082580
ExteriorY = -1073.340942
ExteriorZ = 49.508312
ExteriorAngulo = 59.102348
InteriorX = 2487.018310
InteriorY = -2562.036621
InteriorZ = 2501.085937
InteriorAngulo = 179.916061
Interior = 0
Precio = 20000
Nivel = 2
Locked = 1
