[data]
Pos_x = 266.499664
Pos_y = 304.954559
Pos_z = 999.148437
Interior = 2
Nombre = Habit Blanca-Chiquita
[data]
Interior = 0
Pos_x = -2002.176391
Pos_y = -2408.679931
Pos_z = 30.625000
Nombre = Almacen de Madera
