[PortonData]
Velocidad = -1
Faccion = 0
Familia = 0
ObjectID = 0
Bloqueo = 0
PosInicialX = 0.000000
PosInicialY = 0.000000
PosInicialZ = 0.000000
PosInicialXr = 0.000000
PosInicialYr = 0.000000
PosInicialZr = 0.000000
PosFinalX = 0.000000
PosFinalY = 0.000000
PosFinalZ = 0.000000
PosFinalXr = 0.000000
PosFinalYr = 0.000000
PosFinalZr = 0.000000
