[UbicacionesData]
Ubicacion = Comisaría
ExteriorX = 1479.912841
ExteriorY = -1746.454711
ExteriorZ = 13.546875
