[UbicacionesData]
Ubicacion = Class Cloumex
ExteriorX = 993.398193
ExteriorY = -1314.845703
ExteriorZ = 13.546875
