[UbicacionesData]
Ubicacion = Beach's Cars
ExteriorX = 337.513763
ExteriorY = -1791.234497
ExteriorZ = 4.874817
