[UbicacionesData]
Ubicacion = Unity Station
ExteriorX = 1795.365478
ExteriorY = -1855.911254
ExteriorZ = 13.414062
