[UbicacionesData]
Ubicacion = Mecánicos
ExteriorX = 1377.379516
ExteriorY = -1416.079223
ExteriorZ = 13.545763
