[UbicacionesData]
Ubicacion = Electro Shop
ExteriorX = 1191.967163
ExteriorY = -1135.534179
ExteriorZ = 23.890279
