[UbicacionesData]
Ubicacion = Banco Central
ExteriorX = 981.730834
ExteriorY = -1155.264648
ExteriorZ = 23.857969
