[UbicacionesData]
Ubicacion = DGT
ExteriorX = 1218.875122
ExteriorY = -1812.298095
ExteriorZ = 16.166902
