[UbicacionesData]
Ubicacion = Alhambra
ExteriorX = 1830.845947
ExteriorY = -1682.406860
ExteriorZ = 13.546875
