[data]
ID_Obj = 2202
ID_Model = 19379
Tamaño = 0
Color = 0
Tamaño_o = 0
Pos_x = 193.578948
Pos_y = -107.589340
Pos_z = 1001.803222
Ang_x = 0.000000
Ang_y = 0.000000
Ang_z = 0.000000
Nombre = 
