[data]
ID_Obj = 2203
ID_Model = 19379
Tamaño = 0
Color = 0
Tamaño_o = 0
Pos_x = 174.708679
Pos_y = -127.109939
Pos_z = 1000.774353
Ang_x = 0.000000
Ang_y = 0.000000
Ang_z = 0.000000
Nombre = 
