[data]
ID_Obj = 2204
ID_Model = 19379
Tamaño = 0
Color = 0
Tamaño_o = 0
Pos_x = 174.698242
Pos_y = -117.470138
Pos_z = 1000.767395
Ang_x = 0.000000
Ang_y = 0.000000
Ang_z = 0.000000
Nombre = 
