[data]
ID_Obj = 2205
ID_Model = 19379
Tamaño = 0
Color = 0
Tamaño_o = 0
Pos_x = 174.696243
Pos_y = -107.844612
Pos_z = 1000.876098
Ang_x = 0.000000
Ang_y = 0.000000
Ang_z = 0.000000
Nombre = 
