[data]
ID_Obj = 2214
ID_Model = 2942
Tamaño = 0
Color = 0
Tamaño_o = 0
Pos_x = 193.175598
Pos_y = -127.648681
Pos_z = 999.252929
Ang_x = 0.000000
Ang_y = 0.000000
Ang_z = -89.800033
Nombre = 
