[data]
ID_Obj = 2215
ID_Model = 2942
Tamaño = 0
Color = 0
Tamaño_o = 0
Pos_x = 193.171188
Pos_y = -123.799209
Pos_z = 999.283020
Ang_x = 0.000000
Ang_y = 0.000000
Ang_z = -90.599967
Nombre = 
