[data]
ID_Obj = 2216
ID_Model = 2942
Tamaño = 0
Color = 0
Tamaño_o = 0
Pos_x = 175.149688
Pos_y = -128.267013
Pos_z = 999.263061
Ang_x = 0.000000
Ang_y = 0.000000
Ang_z = 90.199996
Nombre = 
