[data]
ID_Obj = 2217
ID_Model = 2942
Tamaño = 0
Color = 0
Tamaño_o = 0
Pos_x = 175.126678
Pos_y = -124.423271
Pos_z = 999.272644
Ang_x = 0.000000
Ang_y = 0.000000
Ang_z = 89.900024
Nombre = 
