[data]
ID_Model = 1649
Tamaño = 0
Color = 0
Tamaño_o = 0
Pos_x = 181.905364
Pos_y = -106.180236
Pos_z = 1001.783020
Ang_x = 0.000000
Ang_y = 0.000000
Ang_z = -90.499969
Nombre = 
