[data]
ID_Model = 3626
Tamaño = 0
Color = 0
Tamaño_o = 0
Index_o = 0
Pos_x = 2096.190917
Pos_y = -1829.598876
Pos_z = 13.702809
Ang_x = 0.000000
Ang_y = 0.000000
Ang_z = 179.400009
Nombre = 
