[data]
ID_Model = 18633
Tamaño = 0
Color = 0
Tamaño_o = 0
Index_o = 0
Pos_x = 2511.216064
Pos_y = -1749.287963
Pos_z = 5.304222
Ang_x = 0.000000
Ang_y = -94.299995
Ang_z = 37.200008
Nombre = 
