[data]
ID_Model = 3626
Tamaño = 0
Color = 0
Tamaño_o = 0
Index_o = 0
Pos_x = 2096.011718
Pos_y = -1830.406860
Pos_z = 10.995562
Ang_x = 0.000000
Ang_y = -0.000000
Ang_z = -1.399999
Nombre = 
