[data]
ID_Model = 1318
Tamaño = 0
Color = 0
Tamaño_o = 0
Index_o = 0
Pos_x = 2098.319091
Pos_y = -1825.987426
Pos_z = 12.496509
Ang_x = 0.000000
Ang_y = 89.900024
Ang_z = 87.800003
Nombre = 
