[data]
ID_Model = 1318
Tamaño = 0
Color = 0
Tamaño_o = 0
Index_o = 0
Pos_x = 2094.644531
Pos_y = -1825.920898
Pos_z = 12.500505
Ang_x = 0.000000
Ang_y = -90.099983
Ang_z = 0.000000
Nombre = 
