[data]
ID_Model = 1744
Tamaño = 0
Color = 0
Tamaño_o = 0
Index_o = 0
Pos_x = 2106.047363
Pos_y = -1810.410888
Pos_z = 13.484373
Ang_x = 0.000000
Ang_y = 0.000000
Ang_z = -90.400062
Nombre = 
