[data]
ID_Model = 3851
Tamaño = 0
Color = 0
Tamaño_o = 0
Index_o = 0
Pos_x = 2105.921630
Pos_y = -1810.742309
Pos_z = 13.558390
Ang_x = 90.100028
Ang_y = 0.000000
Ang_z = 0.000000
Nombre = 
