[data]
ID_Model = 1557
Tamaño = 0
Color = 0
Tamaño_o = 0
Index_o = 0
Pos_x = 1171.688110
Pos_y = -1324.819091
Pos_z = 14.403746
Ang_x = 0.000000
Ang_y = 0.000000
Ang_z = 89.800041
Nombre = 
