[data]
ID_Model = 9339
Tamaño = 0
Color = 0
Tamaño_o = 0
Index_o = 0
Pos_x = 1171.610717
Pos_y = -1323.258300
Pos_z = 15.055311
Ang_x = 0.000000
Ang_y = 0.000000
Ang_z = 0.000000
Nombre = 
