[data]
ID_Model = 9339
Tamaño = 0
Color = 0
Tamaño_o = 0
Index_o = 0
Pos_x = 1171.597534
Pos_y = -1323.404052
Pos_z = 16.434917
Ang_x = 0.000000
Ang_y = 0.000000
Ang_z = 0.000000
Nombre = 
