[data]
ID_Model = 2395
Tamaño = 0
Color = 0
Tamaño_o = 0
Index_o = 0
Pos_x = -41.170806
Pos_y = -1785.824584
Pos_z = 746.400329
Ang_x = -89.899993
Ang_y = -3.700002
Ang_z = 177.699966
Nombre = 
