[data]
ID_Model = 2395
Tamaño = 0
Color = 0
Tamaño_o = 0
Index_o = 0
Pos_x = -38.306343
Pos_y = -1789.041625
Pos_z = 743.489501
Ang_x = 2.099998
Ang_y = -1.599998
Ang_z = 87.100021
Nombre = 
