[data]
ID_Model = 2395
Tamaño = 0
Color = 0
Tamaño_o = 0
Index_o = 0
Pos_x = -44.492809
Pos_y = -1786.329223
Pos_z = 743.545043
Ang_x = 0.000000
Ang_y = -0.099999
Ang_z = -91.300003
Nombre = 
