[data]
ID_Model = 1497
Tamaño = 0
Color = 0
Tamaño_o = 0
Index_o = 0
Pos_x = -1844.924194
Pos_y = -10.307946
Pos_z = 14.117177
Ang_x = 0.000000
Ang_y = 0.000000
Ang_z = 89.700019
Nombre = 
