[data]
ID_Model = 19176
Tamaño = 0
Color = 0
Tamaño_o = 0
Index_o = 0
Pos_x = 1779.418212
Pos_y = -1720.439453
Pos_z = 14.006876
Ang_x = 0.000000
Ang_y = 0.000000
Ang_z = 0.000000
Nombre = 
