[data]
ID_Obj = 2200
ID_Model = 19379
Tamaño = 0
Color = 0
Tamaño_o = 0
Pos_x = 193.592056
Pos_y = -126.839317
Pos_z = 999.632812
Ang_x = 0.000000
Ang_y = 0.000000
Ang_z = 0.000000
Nombre = 
