[data]
ID_Obj = 2201
ID_Model = 19379
Tamaño = 0
Color = 0
Tamaño_o = 0
Pos_x = 193.582366
Pos_y = -117.209014
Pos_z = 1002.870117
Ang_x = 0.000000
Ang_y = 0.000000
Ang_z = 0.000000
Nombre = 
