[data]
Interior = 10
Virtual_world = 103
ID_Casa = 3
Cerrado = false
IntV_x = 424.886688
IntV_y = -95.238403
Int_x = 424.988189
Int_y = -92.087898
Int_z = 1001.942199
Ext_x = 1431.101318
Ext_y = -885.986816
Ext_z = 50.695312
ExtV_x = 1431.080810
ExtV_y = -881.986877
Ang = 180.293426
