Mensaje = dubaicity
Creador = ninguno
Realizado = none
X = 2386.938964
Y = -1914.536376
Z = 14.132817
RX = 0.000000
RY = 0.000000
RZ = 89.800010
