Mensaje = dubaicity
Creador = ninguno
Realizado = none
X = 1813.025390
Y = -2020.709106
Z = 14.355813
RX = 0.000000
RY = 0.000000
RZ = -179.700027
