Mensaje = dubaicity
Creador = ninguno
Realizado = none
X = 2166.537109
Y = -1517.154052
Z = 24.663728
RX = 0.000000
RY = 0.000000
RZ = -111.900024
