Mensaje = dubaicity
Creador = ninguno
Realizado = none
X = 2110.241943
Y = -1347.046264
Z = 24.404375
RX = 0.000000
RY = 0.000000
RZ = -179.699966
