Mensaje = dubaicity
Creador = ninguno
Realizado = none
X = 2211.775634
Y = -1193.016479
Z = 26.647893
RX = 0.000000
RY = 0.000000
RZ = 90.100021
