Mensaje = dubaicity
Creador = ninguno
Realizado = none
X = 2701.623046
Y = -1110.112548
Z = 69.958198
RX = 0.000000
RY = 0.000000
RZ = 0.000000
