Mensaje = dubaicity
Creador = ninguno
Realizado = none
X = 2016.773803
Y = -1594.070068
Z = 14.057823
RX = 0.000000
RY = 0.000000
RZ = 45.099998
