Mensaje = dubaicity
Creador = ninguno
Realizado = none
X = 2066.932128
Y = -1597.218383
Z = 13.658800
RX = 0.000000
RY = 0.000000
RZ = 89.800048
