Mensaje = dubaicity
Creador = ninguno
Realizado = none
X = 2036.828247
Y = -1636.293212
Z = 13.576874
RX = 0.000000
RY = 0.000000
RZ = -179.900009
