Mensaje = dubaicity
Creador = ninguno
Realizado = none
X = 2274.539306
Y = -1077.939575
Z = 48.421058
RX = 0.000000
RY = -0.299998
RZ = -113.200012
