Mensaje = dubaicity
Creador = ninguno
Realizado = none
X = 2245.860107
Y = -1767.223022
Z = 13.976875
RX = 0.000000
RY = 0.000000
RZ = -90.000030
