Mensaje = dubaicity
Creador = ninguno
Realizado = none
X = 2175.142822
Y = -1732.511108
Z = 14.156877
RX = 0.000000
RY = 0.000000
RZ = -179.800064
