Mensaje = (v)Groove(n)Street(n)Families
Creador = Lorena_Radwin
Realizado = 08:51:56 AM - Marzo 03 del 2020
X = 1971.654785
Y = -1764.415527
Z = 14.006877
RX = 0.000000
RY = 0.000000
RZ = 0.000000
