Mensaje = dubaicity
Creador = ninguno
Realizado = none
X = 1879.934570
Y = -1942.299438
Z = 14.016878
RX = 0.000000
RY = 0.000000
RZ = -89.899978
