Mensaje = dubaicity
Creador = ninguno
Realizado = none
X = 2308.136962
Y = -1878.800659
Z = 14.578250
RX = 0.000000
RY = 0.000000
RZ = -179.899826
