Mensaje = dubaicity
Creador = ninguno
Realizado = none
X = 1979.651977
Y = -1026.582885
Z = 25.526449
RX = -0.400000
RY = -2.299998
RZ = 157.499938
