Mensaje = dubaicity
Creador = ninguno
Realizado = none
X = 2098.504150
Y = -1258.411132
Z = 24.407043
RX = 0.000000
RY = 0.000000
RZ = 90.199882
