Mensaje = dubaicity
Creador = ninguno
Realizado = none
X = 2360.495361
Y = -2143.338623
Z = 13.945068
RX = 0.000000
RY = 0.000000
RZ = -135.100082
