Mensaje = dubaicity
Creador = ninguno
Realizado = none
X = 2045.096435
Y = -1910.546264
Z = 13.816859
RX = 0.000000
RY = -0.099999
RZ = -179.800033
