Mensaje = Los Santos
Creador = Lorena_Radwin
Realizado = 10:00:18 AM - Marzo 03 del 2020
X = 2066.453369
Y = -1659.113891
Z = 13.306874
RX = 0.000000
RY = 0.000000
RZ = -177.600006
