Mensaje = dubaicity
Creador = ninguno
Realizado = none
X = 2526.283447
Y = -1475.846557
Z = 26.300035
RX = 0.000000
RY = 0.000000
RZ = -90.900001
