Mensaje = dubaicity
Creador = ninguno
Realizado = none
X = 2408.445800
Y = -1468.196899
Z = 24.478809
RX = 0.000000
RY = 0.000000
RZ = 89.600013
