Mensaje = dubaicity
Creador = ninguno
Realizado = none
X = 1950.640502
Y = -2038.060791
Z = 14.276852
RX = 0.000000
RY = -0.099999
RZ = -179.800064
