Mensaje = dubaicity
Creador = ninguno
Realizado = none
X = 2336.102050
Y = -1334.570678
Z = 24.693382
RX = 0.000000
RY = 0.000000
RZ = -179.900039
