Mensaje = dubaicity
Creador = ninguno
Realizado = none
X = 2361.048828
Y = -1266.072875
Z = 24.655868
RX = 0.000000
RY = 0.000000
RZ = -179.800048
