Mensaje = dubaicity
Creador = ninguno
Realizado = none
X = 2163.036621
Y = -1681.265747
Z = 15.395935
RX = 0.000000
RY = 0.000000
RZ = 92.999961
