Mensaje = dubaicity
Creador = ninguno
Realizado = none
X = 2249.488769
Y = -1692.380493
Z = 13.816962
RX = 0.000000
RY = 0.000000
RZ = -89.799964
