Mensaje = dubaicity
Creador = ninguno
Realizado = none
X = 2430.477294
Y = -1997.873413
Z = 14.156876
RX = 0.000000
RY = 0.000000
RZ = 90.000015
