Text0 = Exemplo
Font0 = Arial
FontSize0 = 24
FontBold0 = 0
FontColor0 = -1
PosX0 = 0.00000000
PosY0 = 0.00000000
PosZ0 = 0.00000000
RotX0 = 0.00000000
RotY0 = 0.00000000
RotZ0 = 0.00000000
VirtualWorld0 = 0
Interior0 = 0
