[data]
Nombre = Alahambra
Dueño = 
Contraseña = 
Dinero = 0
Precio_Entrada = 0
Precio = 600000
VirtualWorld = 1000
Interior = 17
Tipo = 2
Icono = 48
Comprado = false
Cerrado = false
Entrada_x = 1836.482543
Entrada_y = -1682.433715
Entrada_z = 13.346092
Salida_x = 493.390991
Salida_y = -22.722799
Salida_z = 1000.679687
Caja_Fuerte_x = 0.000000
Caja_Fuerte_y = 0.000000
Caja_Fuerte_z = 0.000000
[data]
Nombre = Alahambra
Dueño = 
Contraseña = 0
Dinero = 189
Precio_Entrada = 0
Precio = 600000
VirtualWorld = 1000
Interior = 17
Tipo = 2
Icono = 48
Comprado = false
Cerrado = false
Entrada_x = 1836.482543
Entrada_y = -1682.433715
Entrada_z = 13.346092
Salida_x = 493.390991
Salida_y = -22.722799
Salida_z = 1000.679687
