[data]
Nombre = 24-7
Dueño = 
Contraseña = 0
Dinero = 802
Precio_Entrada = 0
Precio = 760000
VirtualWorld = 1001
Interior = 17
Tipo = 0
Icono = 19
Comprado = false
Cerrado = false
Entrada_x = 1352.418212
Entrada_y = -1759.199584
Entrada_z = 13.507812
Salida_x = -25.884492
Salida_y = -188.242462
Salida_z = 1003.546875
Caja_Fuerte_x = 0.000000
Caja_Fuerte_y = 0.000000
Caja_Fuerte_z = 0.000000
