[data]
Nombre = Victim
Dueño = 
Contraseña = 
Dinero = 0
Precio_Entrada = 0
Precio = 410000
VirtualWorld = 1010
Interior = 5
Tipo = 1
Icono = 45
Comprado = false
Cerrado = false
Entrada_x = 461.251922
Entrada_y = -1500.841186
Entrada_z = 31.059511
Salida_x = 226.293991
Salida_y = -7.431529
Salida_z = 1002.210937
Caja_Fuerte_x = 0.000000
Caja_Fuerte_y = 0.000000
Caja_Fuerte_z = 0.000000
[data]
Nombre = Victim
Dueño = 
Contraseña = 0
Dinero = 1565
Precio_Entrada = 0
Precio = 350000
VirtualWorld = 1010
Interior = 5
Tipo = 1
Icono = 45
Comprado = false
Cerrado = false
Entrada_x = 461.251922
Entrada_y = -1500.841186
Entrada_z = 31.059511
Salida_x = 226.293991
Salida_y = -7.431529
Salida_z = 1002.210937
