[data]
Nombre = Burger Shot
Dueño = 
Contraseña = 0
Dinero = 0
Precio_Entrada = 0
Precio = 590000
VirtualWorld = 1011
Interior = 10
Tipo = 3
Icono = 10
Comprado = false
Cerrado = false
Entrada_x = 810.762207
Entrada_y = -1616.182617
Entrada_z = 13.546875
Salida_x = 363.908813
Salida_y = -74.032203
Salida_z = 1001.507812
Caja_Fuerte_x = 0.000000
Caja_Fuerte_y = 0.000000
Caja_Fuerte_z = 0.000000
