[data]
Nombre = Farmacia
Dueño = 
Contraseña = 0
Dinero = 0
Precio_Entrada = 0
Precio = 750000
VirtualWorld = 1012
Interior = 6
Tipo = 7
Icono = 22
Comprado = false
Cerrado = false
Entrada_x = 816.143249
Entrada_y = -1584.459838
Entrada_z = 13.554450
Salida_x = 171.0144
Salida_y = -64.4548
Salida_z = 963.2859
[data]
Nombre = Farmacia
Dueño = 
Contraseña = 0
Dinero = 1850
Precio_Entrada = 0
Precio = 750000
VirtualWorld = 1012
Interior = 6
Tipo = 7
Icono = 22
Comprado = false
Cerrado = false
Entrada_x = 816.143249
Entrada_y = -1584.459838
Entrada_z = 13.554450
Salida_x = 171.014404
Salida_y = -64.454803
Salida_z = 963.285888
