[data]
Nombre = 24-7 Público
Dueño = Alban_Contti
Contraseña = 32112835
Dinero = 810
Precio_Entrada = 100
Precio = 1
VirtualWorld = 1013
Interior = 17
Tipo = 0
Icono = 19
Comprado = true
Cerrado = false
Entrada_x = 1833.306762
Entrada_y = -1842.543945
Entrada_z = 13.578125
Salida_x = -25.884498
Salida_y = -185.868988
Salida_z = 1003.546875
Caja_Fuerte_x = 0.000000
Caja_Fuerte_y = 0.000000
Caja_Fuerte_z = 0.000000
