[data]
Nombre = Gimnasio
Dueño = 
Contraseña = 0
Dinero = 0
Precio_Entrada = 0
Precio = 750000
VirtualWorld = 1014
Interior = 5
Tipo = 3
Icono = 54
Comprado = false
Cerrado = false
Entrada_x = 2229.611328
Entrada_y = -1721.685302
Entrada_z = 13.565375
Salida_x = 772.111999
Salida_y = -3.898648
Salida_z = 1000.728820
Caja_Fuerte_x = 0.000000
Caja_Fuerte_y = 0.000000
Caja_Fuerte_z = 0.000000
