[data]
Nombre = | Binco Smith | Deluxe
Dueño = Ashley_Smith
Contraseña = 34865361
Dinero = 3278
Precio_Entrada = 100
Precio = 720000
VirtualWorld = 1015
Interior = 15
Tipo = 1
Icono = 45
Comprado = true
Cerrado = false
Entrada_x = 2244.410644
Entrada_y = -1665.211547
Entrada_z = 15.476552
Salida_x = 207.737991
Salida_y = -109.019996
Salida_z = 1005.132812
Caja_Fuerte_x = 0.000000
Caja_Fuerte_y = 0.000000
Caja_Fuerte_z = 0.000000
