[data]
Nombre = Pizzeria
Dueño = Sin dueño
Contraseña = 0
Dinero = -3348
Precio_Entrada = 0
Precio = 750000
VirtualWorld = 1016
Interior = 5
Tipo = 3
Icono = 29
Comprado = false
Cerrado = false
Entrada_x = 2105.167236
Entrada_y = -1806.532470
Entrada_z = 13.554677
Salida_x = 372.277893
Salida_y = -132.440597
Salida_z = 1001.492187
Caja_Fuerte_x = 0.000000
Caja_Fuerte_y = 0.000000
Caja_Fuerte_z = 0.000000
