[data]
Nombre = Atlantis
Dueño = Leon_Castilla
Contraseña = 32768202
Dinero = 1278
Precio_Entrada = 200
Precio = 390000
VirtualWorld = 1017
Interior = 11
Tipo = 3
Icono = 49
Comprado = true
Cerrado = false
Entrada_x = 2309.941406
Entrada_y = -1643.791748
Entrada_z = 14.827047
Salida_x = 501.980987
Salida_y = -69.150199
Salida_z = 998.757812
Caja_Fuerte_x = 0.000000
Caja_Fuerte_y = 0.000000
Caja_Fuerte_z = 0.000000
