[data]
Nombre = Polleria
Dueño = 
Contraseña = 0
Dinero = -6009
Precio_Entrada = 0
Precio = 850000
VirtualWorld = 1018
Interior = 9
Tipo = 3
Icono = 14
Comprado = false
Cerrado = false
Entrada_x = 928.748779
Entrada_y = -1352.966918
Entrada_z = 13.343750
Salida_x = 364.875610
Salida_y = -10.601490
Salida_z = 1001.851623
Caja_Fuerte_x = 0.000000
Caja_Fuerte_y = 0.000000
Caja_Fuerte_z = 0.000000
