[data]
Nombre = bar
Dueño = 
Contraseña = 0
Dinero = -3844
Precio_Entrada = 0
Precio = 900000
VirtualWorld = 1019
Interior = 11
Tipo = 3
Icono = 49
Comprado = false
Cerrado = false
Entrada_x = 1015.520507
Entrada_y = -1537.408813
Entrada_z = 13.522762
Salida_x = 501.980987
Salida_y = -69.150199
Salida_z = 998.757812
