[data]
Nombre = Ammunation
Dueño = Fernando_Lopez
Contraseña = 1782712241
Dinero = 9426
Precio_Entrada = 10
Precio = 1000000
VirtualWorld = 1002
Interior = 7
Tipo = 4
Icono = 6
Comprado = true
Cerrado = false
Entrada_x = 1368.345092
Entrada_y = -1279.762084
Entrada_z = 13.546875
Salida_x = 314.820983
Salida_y = -141.431991
Salida_z = 999.601562
