[data]
Nombre = Hipermercado
Dueño = 
Contraseña = 
Dinero = 0
Precio_Entrada = 0
Precio = 870000
VirtualWorld = 1020
Interior = 14
Tipo = 5
Icono = 44
Comprado = false
Cerrado = false
Entrada_x = 487.310363
Entrada_y = -1639.734252
Entrada_z = 23.703125
Salida_x = -1698.000000
Salida_y = 1880.500000
Salida_z = 1068.800048
Caja_Fuerte_x = 0.000000
Caja_Fuerte_y = 0.000000
Caja_Fuerte_z = 0.000000
[data]
Nombre = Hipermercado
Dueño = Sin dueño
Contraseña = 0
Dinero = -1309
Precio_Entrada = 0
Precio = 870000
VirtualWorld = 1020
Interior = 14
Tipo = 5
Icono = 44
Comprado = false
Cerrado = false
Entrada_x = 487.310363
Entrada_y = -1639.734252
Entrada_z = 23.703125
Salida_x = -1698.000000
Salida_y = 1880.500000
Salida_z = 1068.800048
