[data]
Nombre = Hipermercado
Dueño = 
Contraseña = 
Dinero = 0
Precio_Entrada = 0
Precio = 900000
VirtualWorld = 1021
Interior = 14
Tipo = 5
Icono = 44
Comprado = false
Cerrado = false
Entrada_x = 1419.589843
Entrada_y = -1553.721313
Entrada_z = 13.562088
Salida_x = -1698.000000
Salida_y = 1880.500000
Salida_z = 1068.800048
Caja_Fuerte_x = 0.000000
Caja_Fuerte_y = 0.000000
Caja_Fuerte_z = 0.000000
[data]
Nombre = Hipermercado Barato
Dueño = Ever_Batista
Contraseña = 19726487
Dinero = 60699
Precio_Entrada = 0
Precio = 950000
VirtualWorld = 1021
Interior = 14
Tipo = 5
Icono = 44
Comprado = true
Cerrado = false
Entrada_x = 1419.589843
Entrada_y = -1553.721313
Entrada_z = 13.562088
Salida_x = -1698.000000
Salida_y = 1880.500000
Salida_z = 1068.800048
