[data]
Nombre = Farmacia
Dueño = 
Contraseña = 0
Dinero = 0
Precio_Entrada = 0
Precio = 291000
VirtualWorld = 1022
Interior = 6
Tipo = 7
Icono = 22
Comprado = false
Cerrado = false
Entrada_x = 1779.394775
Entrada_y = -1720.744262
Entrada_z = 13.550054
Salida_x = 171.0144
Salida_y = -64.4548
Salida_z = 963.2859
[data]
Nombre = Farmacia Linguini
Dueño = Ernesto_Linguini
Contraseña = 435815415
Dinero = 2142
Precio_Entrada = 100
Precio = 291000
VirtualWorld = 1022
Interior = 6
Tipo = 7
Icono = 22
Comprado = true
Cerrado = false
Entrada_x = 1779.394775
Entrada_y = -1720.744262
Entrada_z = 13.550046
Salida_x = 171.014404
Salida_y = -64.454803
Salida_z = 963.285888
