[data]
Nombre = Strip Club
Dueño = 
Contraseña = 0
Dinero = 0
Precio_Entrada = 0
Precio = 900000
VirtualWorld = 1023
Interior = 2
Tipo = 2
Icono = 48
Comprado = false
Cerrado = false
Entrada_x = 1015.499389
Entrada_y = -1518.008300
Entrada_z = 13.526776
Salida_x = 1204.809936
Salida_y = -11.586794
Salida_z = 1000.921875
