[data]
Nombre = Prolaps
Dueño = 
Contraseña = 0
Dinero = 1887
Precio_Entrada = 0
Precio = 900000
VirtualWorld = 1024
Interior = 3
Tipo = 1
Icono = 45
Comprado = false
Cerrado = false
Entrada_x = 1015.766540
Entrada_y = -1508.647338
Entrada_z = 13.535924
Salida_x = 207.054992
Salida_y = -138.804992
Salida_z = 1003.507812
