[data]
Nombre = Hipermercado
Dueño = 
Contraseña = 0
Dinero = 13200
Precio_Entrada = 0
Precio = 2000000
VirtualWorld = 1025
Interior = 14
Tipo = 5
Icono = 44
Comprado = false
Cerrado = false
Entrada_x = 1940.012084
Entrada_y = -2115.830810
Entrada_z = 13.695308
Salida_x = -1698.000000
Salida_y = 1880.500000
Salida_z = 1068.800048
