[data]
Nombre = ¡ZIP! Bienvenido
Dueño = Franshesko_Montana
Contraseña = 191693546
Dinero = 3335
Precio_Entrada = 20
Precio = 200000
VirtualWorld = 1026
Interior = 18
Tipo = 1
Icono = 45
Comprado = true
Cerrado = false
Entrada_x = 991.534545
Entrada_y = -1480.041503
Entrada_z = 13.555628
Salida_x = 161.391006
Salida_y = -93.159156
Salida_z = 1001.804687
