[data]
Nombre = | Victim Smith | Deluxe
Dueño = Ashley_Smith
Contraseña = 33816785
Dinero = 2318
Precio_Entrada = 100
Precio = 200000
VirtualWorld = 1027
Interior = 5
Tipo = 1
Icono = 45
Comprado = true
Cerrado = false
Entrada_x = 975.914245
Entrada_y = -1500.136962
Entrada_z = 13.547122
Salida_x = 226.293991
Salida_y = -7.431529
Salida_z = 1002.210937
