[data]
Nombre = club nocturno
Dueño = 
Contraseña = 0
Dinero = 0
Precio_Entrada = 0
Precio = 10000000
VirtualWorld = 1028
Interior = 17
Tipo = 2
Icono = 48
Comprado = false
Cerrado = false
Entrada_x = 2019.783813
Entrada_y = 1007.957092
Entrada_z = 10.820308
Salida_x = 493.390991
Salida_y = -22.722799
Salida_z = 1000.679687
