[data]
Nombre = Gimnasio
Dueño = 
Contraseña = 0
Dinero = 0
Precio_Entrada = 0
Precio = 950000
VirtualWorld = 1029
Interior = 5
Tipo = 3
Icono = 54
Comprado = false
Cerrado = false
Entrada_x = -692.326110
Entrada_y = 939.550170
Entrada_z = 13.632807
Salida_x = 772.111999
Salida_y = -3.898648
Salida_z = 1000.728820
