[data]
Nombre = | Tienda Contti |
Dueño = Matteo_Contti
Contraseña = 32374981
Dinero = 741
Precio_Entrada = 100
Precio = 1
VirtualWorld = 1003
Interior = 17
Tipo = 0
Icono = 19
Comprado = true
Cerrado = false
Entrada_x = 1315.547973
Entrada_y = -898.074035
Entrada_z = 39.578125
Salida_x = -25.884498
Salida_y = -185.868988
Salida_z = 1003.546875
Caja_Fuerte_x = 0.000000
Caja_Fuerte_y = 0.000000
Caja_Fuerte_z = 0.000000
