[data]
Nombre = 24-7
Dueño = 
Contraseña = 0
Dinero = -3286
Precio_Entrada = 0
Precio = 720000
VirtualWorld = 1030
Interior = 17
Tipo = 0
Icono = 19
Comprado = false
Cerrado = false
Entrada_x = 1929.297973
Entrada_y = -1776.294677
Entrada_z = 13.546875
Salida_x = -25.884498
Salida_y = -185.868988
Salida_z = 1003.546875
