[data]
Nombre = farmacia
Dueño = 
Contraseña = 0
Dinero = 2050
Precio_Entrada = 0
Precio = 730000
VirtualWorld = 1031
Interior = 6
Tipo = 7
Icono = 22
Comprado = false
Cerrado = false
Entrada_x = 1419.904174
Entrada_y = -1607.369140
Entrada_z = 13.546875
Salida_x = 170.699996
Salida_y = -69.599998
Salida_z = 963.200012
