[data]
Nombre = Polleria
Dueño = 
Contraseña = 0
Dinero = 0
Precio_Entrada = 0
Precio = 83000
VirtualWorld = 1032
Interior = 9
Tipo = 3
Icono = 14
Comprado = false
Cerrado = false
Entrada_x = -858.086425
Entrada_y = 1535.452758
Entrada_z = 22.587043
Salida_x = 364.875610
Salida_y = -10.601495
Salida_z = 1001.851623
