[data]
Nombre = Strip club
Dueño = 
Contraseña = 0
Dinero = 0
Precio_Entrada = 0
Precio = 90000
VirtualWorld = 1033
Interior = 2
Tipo = 2
Icono = 48
Comprado = false
Cerrado = false
Entrada_x = -745.827087
Entrada_y = 1590.407226
Entrada_z = 26.982679
Salida_x = 1204.809936
Salida_y = -11.586794
Salida_z = 1000.921875
