[data]
Nombre = Hipermercado
Dueño = 
Contraseña = 0
Dinero = 0
Precio_Entrada = 0
Precio = 124000
VirtualWorld = 1034
Interior = 14
Tipo = 5
Icono = 44
Comprado = false
Cerrado = false
Entrada_x = -794.678833
Entrada_y = 1557.131347
Entrada_z = 27.124443
Salida_x = -1698.000000
Salida_y = 1880.500000
Salida_z = 1068.800048
