[data]
Nombre = Binco
Dueño = 
Contraseña = 0
Dinero = 0
Precio_Entrada = 0
Precio = 110000
VirtualWorld = 1035
Interior = 15
Tipo = 1
Icono = 45
Comprado = false
Cerrado = false
Entrada_x = -780.390136
Entrada_y = 1501.467163
Entrada_z = 23.790512
Salida_x = 207.737991
Salida_y = -109.019996
Salida_z = 1005.132812
