[data]
Nombre = Club nocturno
Dueño = 
Contraseña = 0
Dinero = 134
Precio_Entrada = 0
Precio = 780000
VirtualWorld = 1036
Interior = 17
Tipo = 2
Icono = 48
Comprado = false
Cerrado = false
Entrada_x = 816.174011
Entrada_y = -1386.911743
Entrada_z = 13.608428
Salida_x = 493.390991
Salida_y = -22.722799
Salida_z = 1000.679687
