[data]
Nombre = Polleria
Dueño = 
Contraseña = 0
Dinero = -2560
Precio_Entrada = 0
Precio = 710000
VirtualWorld = 1037
Interior = 9
Tipo = 3
Icono = 14
Comprado = false
Cerrado = false
Entrada_x = 2397.906738
Entrada_y = -1898.243408
Entrada_z = 13.546875
Salida_x = 364.875610
Salida_y = -10.601495
Salida_z = 1001.851623
