[data]
Nombre = Tienda de armas
Dueño = Fernando_Lopez
Contraseña = 1782712241
Dinero = 5746
Precio_Entrada = 10
Precio = 760000
VirtualWorld = 1038
Interior = 7
Tipo = 4
Icono = 6
Comprado = true
Cerrado = false
Entrada_x = 2400.513183
Entrada_y = -1981.562377
Entrada_z = 13.546875
Salida_x = 314.820983
Salida_y = -141.431991
Salida_z = 999.601562
