[data]
Nombre = Casino
Dueño = 
Contraseña = 0
Dinero = 0
Precio_Entrada = 0
Precio = 800000
VirtualWorld = 1004
Interior = 1
Tipo = 6
Icono = 25
Comprado = false
Cerrado = false
Entrada_x = 1211.438110
Entrada_y = -1749.789062
Entrada_z = 13.594099
Salida_x = 2234.010986
Salida_y = 1713.746582
Salida_z = 1012.231994
Caja_Fuerte_x = 0.000000
Caja_Fuerte_y = 0.000000
Caja_Fuerte_z = 0.000000
[data]
Nombre = Casino
Dueño = 
Contraseña = 0
Dinero = 0
Precio_Entrada = 0
Precio = 1200000
VirtualWorld = 1004
Interior = 1
Tipo = 6
Icono = 25
Comprado = false
Cerrado = false
Entrada_x = 1211.438110
Entrada_y = -1749.789062
Entrada_z = 13.594099
Salida_x = 2234.010986
Salida_y = 1713.746582
Salida_z = 1012.231994
