[data]
Nombre = Farmacia
Dueño = 
Contraseña = 0
Dinero = 0
Precio_Entrada = 0
Precio = 98000
VirtualWorld = 1040
Interior = 6
Tipo = 7
Icono = 22
Comprado = false
Cerrado = false
Entrada_x = -806.786743
Entrada_y = 1481.858154
Entrada_z = 20.968750
Salida_x = 170.699996
Salida_y = -69.599998
Salida_z = 963.200012
