[data]
Nombre = Supermercado
Dueño = Jhon_Diesel
Contraseña = 33030347
Dinero = 432
Precio_Entrada = 10
Precio = 98000
VirtualWorld = 1041
Interior = 17
Tipo = 0
Icono = 19
Comprado = true
Cerrado = false
Entrada_x = -793.046081
Entrada_y = 1481.873779
Entrada_z = 22.567367
Salida_x = -25.884498
Salida_y = -185.868988
Salida_z = 1003.546875
