[data]
Nombre = bar
Dueño = 
Contraseña = 0
Dinero = 0
Precio_Entrada = 0
Precio = 500000
VirtualWorld = 1043
Interior = 11
Tipo = 3
Icono = 49
Comprado = false
Cerrado = false
Entrada_x = 681.603088
Entrada_y = -473.418395
Entrada_z = 16.536296
Salida_x = 501.980987
Salida_y = -69.150199
Salida_z = 998.757812
