[data]
Nombre = hipermercado
Dueño = 
Contraseña = 0
Dinero = 0
Precio_Entrada = 0
Precio = 20000
VirtualWorld = 1044
Interior = 14
Tipo = 5
Icono = 44
Comprado = false
Cerrado = false
Entrada_x = 1758.260375
Entrada_y = -1713.259033
Entrada_z = 13.535928
Salida_x = -1698.000000
Salida_y = 1880.500000
Salida_z = 1068.800048
