[data]
Nombre = Strip Club
Dueño = 
Contraseña = 0
Dinero = 0
Precio_Entrada = 0
Precio = 985000
VirtualWorld = 1045
Interior = 2
Tipo = 2
Icono = 48
Comprado = false
Cerrado = false
Entrada_x = 1684.541015
Entrada_y = -1343.074218
Entrada_z = 17.437046
Salida_x = 1204.809936
Salida_y = -11.586795
Salida_z = 1000.921875
