[data]
Nombre = Burger Shot
Dueño = 
Contraseña = 
Dinero = 0
Precio_Entrada = 0
Precio =460000
VirtualWorld = 1005
Interior = 10
Tipo = 3
Icono = 10
Comprado = false
Cerrado = false
Entrada_x = 1199.434692
Entrada_y = -918.452148
Entrada_z = 43.119686
Salida_x = 363.908813
Salida_y = -74.032203
Salida_z = 1001.507812
Caja_Fuerte_x = 0.000000
Caja_Fuerte_y = 0.000000
Caja_Fuerte_z = 0.000000
[data]
Nombre = Burger Shot
Dueño = 
Contraseña = 0
Dinero = 33
Precio_Entrada = 0
Precio = 460000
VirtualWorld = 1005
Interior = 10
Tipo = 3
Icono = 10
Comprado = false
Cerrado = false
Entrada_x = 1199.434692
Entrada_y = -918.452148
Entrada_z = 43.119686
Salida_x = 363.908813
Salida_y = -74.032203
Salida_z = 1001.507812
