[data]
Nombre = 24-7
Dueño = 
Contraseña = 
Dinero = 0
Precio_Entrada = 0
Precio = 320000
VirtualWorld = 1006
Interior = 17
Tipo = 0
Icono = 19
Comprado = false
Cerrado = false
Entrada_x = 1000.143981
Entrada_y = -919.969787
Entrada_z = 42.328125
Salida_x = -25.884498
Salida_y = -185.868988
Salida_z = 1003.546875
Caja_Fuerte_x = 0.000000
Caja_Fuerte_y = 0.000000
Caja_Fuerte_z = 0.000000
[data]
Nombre = 24-7
Dueño = 
Contraseña = 0
Dinero = 0
Precio_Entrada = 0
Precio = 320000
VirtualWorld = 1006
Interior = 17
Tipo = 0
Icono = 19
Comprado = false
Cerrado = false
Entrada_x = 1000.143981
Entrada_y = -919.969787
Entrada_z = 42.328125
Salida_x = -25.884498
Salida_y = -185.868988
Salida_z = 1003.546875
