[data]
Nombre = ProLaps
Dueño = 
Contraseña = 0
Dinero = 1270
Precio_Entrada = 0
Precio = 520000
VirtualWorld = 1007
Interior = 3
Tipo = 1
Icono = 45
Comprado = false
Cerrado = false
Entrada_x = 499.572143
Entrada_y = -1360.625854
Entrada_z = 16.367309
Salida_x = 207.054992
Salida_y = -138.804992
Salida_z = 1003.507812
Caja_Fuerte_x = 0.000000
Caja_Fuerte_y = 0.000000
Caja_Fuerte_z = 0.000000
