[data]
Nombre = Hipermercado
Dueño = Sin dueño
Contraseña = 32374981
Dinero = 0
Precio_Entrada = 100
Precio = 750000
VirtualWorld = 1008
Interior = 14
Tipo = 5
Icono = 44
Comprado = false
Cerrado = false
Entrada_x = 1081.243164
Entrada_y = -1696.783813
Entrada_z = 13.546875
Salida_x = -1698.000000
Salida_y = 1880.500000
Salida_z = 1068.800048
Caja_Fuerte_x = 0.000000
Caja_Fuerte_y = 0.000000
Caja_Fuerte_z = 0.000000
