[data]
Nombre = Didier
Dueño = 
Contraseña = 0
Dinero = 1200
Precio_Entrada = 0
Precio = 265000
VirtualWorld = 1009
Interior = 14
Tipo = 1
Icono = 45
Comprado = false
Cerrado = false
Entrada_x = 453.791687
Entrada_y = -1478.179443
Entrada_z = 30.815626
Salida_x = 204.332992
Salida_y = -166.694992
Salida_z = 1000.523437
Caja_Fuerte_x = 0.000000
Caja_Fuerte_y = 0.000000
Caja_Fuerte_z = 0.000000
