[data]
Nombre = Familia Yakuza
Dueño = Familia Yakuza
Contraseña = 123
Dinero = 29744
Precio = 65000
VirtualWorld = 100
Interior = 1
Comprada = true
Cerrada = false
Entrada_x = 476.500000
Entrada_y = -1498.800048
Entrada_z = 20.799999
Salida_x = -2170.500000
Salida_y = 639.200012
Salida_z = 1052.699951
Caja_Fuerte_x = 0.000000
Caja_Fuerte_y = 0.000000
Caja_Fuerte_z = 0.000000
Familia = 4
Ropa_0 = 0
Ropa_1 = 0
Ropa_2 = 0
Ropa_3 = 0
Ropa_4 = 0
Ropa_5 = 0
Ropa_6 = 0
Ropa_7 = 0
Ropa_8 = 0
Ropa_9 = 0
Arma_0 = 0
Arma_1 = 0
Arma_2 = 0
Arma_3 = 0
Arma_4 = 0
Arma_5 = 0
Arma_6 = 0
Arma_7 = 0
Arma_8 = 0
Arma_9 = 0
Bala_0 = 0
Bala_1 = 0
Bala_2 = 0
Bala_3 = 0
Bala_4 = 0
Bala_5 = 0
Bala_6 = 0
Bala_7 = 0
Bala_8 = 0
Bala_9 = 0
[data]
Nombre = .:::YAKUZA:::.
Dueño = Oscar_Bradley
Contraseña = 561317152
Dinero = 45756
Precio = 1
VirtualWorld = 100
Interior = 1
Comprada = true
Cerrada = false
Contraseña_puerta = 1234
Entrada_x = 476.500000
Entrada_y = -1498.800048
Entrada_z = 20.799999
Salida_x = -2170.500000
Salida_y = 639.200012
Salida_z = 1052.699951
Familia = 4
Arma_0 = 27
Arma_1 = 0
Arma_2 = 27
Arma_3 = 0
Arma_4 = 0
Arma_5 = 0
Arma_6 = 0
Arma_7 = 0
Arma_8 = 0
Arma_9 = 0
Bala_0 = 82
Bala_1 = 0
Bala_2 = 109
Bala_3 = 0
Bala_4 = 0
Bala_5 = 0
Bala_6 = 0
Bala_7 = 0
Bala_8 = 0
Bala_9 = 0
