[data]
Nombre = Grove Street
Dueño = Grove Street
Contraseña = 123
Dinero = 50000
Precio = 35000
VirtualWorld = 101
Interior = 3
Comprada = true
Cerrada = false
Entrada_x = 2495.378417
Entrada_y = -1691.003540
Entrada_z = 14.765625
Salida_x = 2496.000000
Salida_y = -1692.079956
Salida_z = 1014.739990
Caja_Fuerte_x = 0.000000
Caja_Fuerte_y = 0.000000
Caja_Fuerte_z = 0.000000
Familia = 1
Ropa_0 = 0
Ropa_1 = 0
Ropa_2 = 0
Ropa_3 = 0
Ropa_4 = 0
Ropa_5 = 0
Ropa_6 = 0
Ropa_7 = 0
Ropa_8 = 0
Ropa_9 = 0
Arma_0 = 0
Arma_1 = 0
Arma_2 = 0
Arma_3 = 29
Arma_4 = 0
Arma_5 = 0
Arma_6 = 0
Arma_7 = 0
Arma_8 = 0
Arma_9 = 0
Bala_0 = 0
Bala_1 = 0
Bala_2 = 0
Bala_3 = 800
Bala_4 = 0
Bala_5 = 0
Bala_6 = 0
Bala_7 = 0
Bala_8 = 0
Bala_9 = 0
[data]
Nombre = mamalo
Dueño = Lorena_Radwin
Contraseña = 512754727
Dinero = 0
Precio = 35000
VirtualWorld = 101
Interior = 3
Comprada = true
Cerrada = false
Contraseña_puerta = 1598
Entrada_x = 2495.378417
Entrada_y = -1691.003540
Entrada_z = 14.765625
Salida_x = 2496.000000
Salida_y = -1692.079956
Salida_z = 1014.739990
Familia = 1
ObjData_0 = 2121|2492.657|-1694.350|1014.161|0.000|0.000|0.000
ObjData_1 = 2356|2502.019|-1694.254|1009.857|0.000|-13.298|0.000
ObjData_2 = 1727|2491.062|-1698.850|1013.641|-2.099|-0.199|87.500
ObjData_3 = 2120|2494.427|-1695.237|1014.301|0.000|0.000|88.499
ObjData_4 = 2165|2491.877|-1704.346|1013.840|0.000|-0.599|174.700
Arma_0 = 24
Arma_1 = 29
Arma_2 = 0
Arma_3 = 0
Arma_4 = 0
Arma_5 = 0
Arma_6 = 0
Arma_7 = 0
Arma_8 = 0
Arma_9 = 0
Bala_0 = 120
Bala_1 = 770
Bala_2 = 0
Bala_3 = 0
Bala_4 = 0
Bala_5 = 0
Bala_6 = 0
Bala_7 = 0
Bala_8 = 0
Bala_9 = 0
TieneLlave1 = none
TieneLlave2 = none
TieneLlave3 = none
ObjData_5 = 2779|2497.928|-1697.992|1013.692|0.000|0.000|-86.699
