[data]
Nombre = Familia Italiana
Dueño = Familia Italiana
Contraseña = 
Dinero = 0
Precio = -999
VirtualWorld = 102
Interior = 3
Comprada = true
Cerrada = false
Entrada_x = 836.609741
Entrada_y = -2052.288085
Entrada_z = 12.867177
Salida_x = 235.311080
Salida_y = 1186.679687
Salida_z = 1080.257812
Caja_Fuerte_x = 0.000000
Caja_Fuerte_y = 0.000000
Caja_Fuerte_z = 0.000000
Familia = 5
Ropa_0 = 0
Ropa_1 = 0
Ropa_2 = 0
Ropa_3 = 0
Ropa_4 = 0
Ropa_5 = 0
Ropa_6 = 0
Ropa_7 = 0
Ropa_8 = 0
Ropa_9 = 0
Arma_0 = 0
Arma_1 = 0
Arma_2 = 0
Arma_3 = 0
Arma_4 = 0
Arma_5 = 0
Arma_6 = 0
Arma_7 = 0
Arma_8 = 0
Arma_9 = 0
Bala_0 = 0
Bala_1 = 0
Bala_2 = 0
Bala_3 = 0
Bala_4 = 0
Bala_5 = 0
Bala_6 = 0
Bala_7 = 0
Bala_8 = 0
Bala_9 = 0
[data]
Nombre = 
Dueño = 
Contraseña = 0
Dinero = 0
Precio = 750000
VirtualWorld = 102
Interior = 3
Comprada = false
Cerrada = false
Entrada_x = 836.609741
Entrada_y = -2052.288085
Entrada_z = 12.867177
Salida_x = 267.569885
Salida_y = 1186.679687
Salida_z = 1080.257812
Familia = 5
Contraseña_puerta = 0
